0.0000 0.6511 0.4914 0.3084 0.6143 0.5958 0.6425 0.4754 0.5639 0.6216
0.6511 0.0000 0.6388 0.6192 0.3378 0.5762 0.6351 0.5774 0.5098 0.4865
0.4914 0.6388 0.0000 0.3231 0.6106 0.6143 0.6314 0.4865 0.5627 0.6474
0.3084 0.6192 0.3231 0.0000 0.5577 0.5258 0.5946 0.3034 0.4496 0.6057
0.6143 0.3378 0.6106 0.5577 0.0000 0.4779 0.5848 0.4914 0.3342 0.2850
0.5958 0.5762 0.6143 0.5258 0.4779 0.0000 0.3182 0.4631 0.3256 0.5553
0.6425 0.6351 0.6314 0.5946 0.5848 0.3182 0.0000 0.5639 0.4939 0.6155
0.4754 0.5774 0.4865 0.3034 0.4914 0.4631 0.5639 0.0000 0.2961 0.5590
0.5639 0.5098 0.5627 0.4496 0.3342 0.3256 0.4939 0.2961 0.0000 0.4779
0.6216 0.4865 0.6474 0.6057 0.2850 0.5553 0.6155 0.5590 0.4779 0.0000
